9.469899790243718751e-02 8.695074923444742754e-02 1.121673654870351394e-01 7.890076404994175729e-02 7.362673457533601418e-02 8.555348791728054070e-02 1.495131281764816578e-01 1.593046908013125984e-01 7.639187753708184814e-02 8.289220431864577354e-02
1.765664440465467833e-01 1.933014983227606121e-01 2.243728935772030045e-02 1.126581236881625397e-01 4.498492856768523257e-02 1.656445498934788416e-02 1.252163120199099589e-01 9.651827355806900932e-02 1.040704791076224184e-01 1.076821963421753792e-01
1.517936248694963242e-01 1.590987166196777269e-01 2.286734390572716102e-01 2.569173418400832673e-02 7.650584140559223145e-02 3.235908681716446328e-02 3.942008351892006129e-02 8.128314484894179348e-02 1.436279034250629305e-01 6.154642525386481294e-02
5.050264269077283513e-02 1.184796823720602882e-01 2.032580164832728867e-02 8.912183927809201600e-02 1.005335215603737620e-01 1.286850573656824204e-01 1.506865874394881510e-01 4.732147518312257439e-02 1.418305768648157883e-01 1.525128155972648725e-01
1.169729554938738897e-01 9.636644366872269829e-02 1.330443234319904078e-01 3.586020959005430282e-03 1.247337676404473572e-01 3.267593841762883589e-02 1.562463158599452229e-01 1.560889063580632174e-01 5.831025438459077476e-02 1.219750737857322742e-01
1.890337146929295942e-01 1.265049446685179158e-01 1.149776834017872812e-01 7.103798522225571177e-02 1.413670727667111146e-02 9.756462932477831529e-02 1.357003453444525498e-01 1.056114858751738134e-01 4.322129709840962647e-02 1.022112070950240009e-01
7.455088048285550550e-02 1.636489118390102304e-01 1.172102535772932691e-01 7.198631348316116008e-03 5.024887712692464176e-02 1.763171754117336953e-01 1.418675792093746779e-01 1.598454361830330406e-01 5.514472629216844030e-02 5.396752852929035532e-02
1.063618036238269671e-01 1.563972988452014823e-01 1.776059581100737639e-01 1.271027226854176684e-01 2.238838965413832149e-03 4.159341054882016719e-02 7.129289811215706874e-02 9.356234211536054723e-02 1.825354574827726117e-01 4.130926951095588440e-02
1.511945379074323692e-01 1.440855402235990124e-01 1.697916657354091030e-01 4.094694626702401197e-02 3.614995443367567673e-03 1.727609956269022251e-01 6.205621070293908942e-02 2.882086186661624375e-02 1.585305002918310779e-01 6.819774593487928915e-02
1.154607211508540537e-01 1.517648857868020285e-01 6.796495788085271661e-02 6.442505938554587974e-02 1.435904390821546861e-01 5.556222995323834620e-04 1.524505157679368339e-01 4.614867157293699867e-02 9.592943022524647034e-02 1.617096968481379626e-01
